1974 13171.1
1975 13564.9
1976 13678.3
1977 13845.5
1978 14108.5
1979 14257.4
1980 14531.1
1981 14643
1982 14767.9
1983 14981.9
1984 15207.9
1985 15208.2
1986 15376.7
1987 15451.7
1988 15686.8
1989 15908.8
1990 14344.1
1991 14284.3
1992 13226.8
1993 13134.8
1994 13217.1
1995 13390.9
1996 13490.4
1997 13333.6
1998 13501.4
1999 13657.7
2000 13570.9
2001 13751.4
2002 14042.8
2003 14053.4
2004 14327
2005 14458.8
2006 14534.7
2007 14822.5
2008 14899.6
2009 14890.2
2010 15130.3
2011 15483.1
2012 15505.7
2013 15424.6
2014 15550.6
2015 15796
2016 15958.3
2017 16134.5
