1974 3335.64
1975 3665.61
1976 3568.79
1977 3635.71
1978 3891.37
1979 3971.94
1980 3839.11
1981 4137.93
1982 4196.68
1983 4156.22
1984 4407.05
1985 4516.31
1986 4182.53
1987 4181.07
1988 4165.41
1989 4151.48
1990 3258.91
1991 2603.74
1992 2390.35
1993 2200.16
1994 2067.46
1995 1949.89
1996 1920.57
1997 1909.58
1998 1822.54
1999 1716.57
2000 1670.28
2001 1697.9
2002 1592.71
2003 1625.48
2004 1752.48
2005 1756.11
2006 1706.25
2007 1674.36
2008 1756.61
2009 1722.15
2010 1697.61
2011 1581.69
2012 1497.58
2013 1612.7
2014 1596.56
2015 1644.55
2016 1660.02
2017 1686.9
