46.177 21.262 1.35435 1974
44.503 26.102 1.15503 1974
46.522 26.91 -0.934219 1974
46.233 27.65 -1.72499 1974
47.15 24.517 -2.75713 1974
47.733 26.65 -0.268404 1974
45.15 26.817 1.47872 1974
44.2 27.35 1.79864 1974
45.42 22.253 1.12846 1974
45.062 28.714 -3.30942 1974
46.983 25.95 -9.10015 1974
46.785 23.686 -1.53202 1974
44.217 28.65 1.08457 1974
44.318 23.889 0.49729 1974
45.867 22.9 -0.0741651 1974
44.633 22.633 2.19793 1974
45.833 24.933 -3.33517 1974
45.483 28.033 0.878851 1974
44.571 26.085 0.774712 1974
47.178 27.621 -2.15402 1974
43.817 28.583 1.56479 1974
46.367 25.733 -5.59792 1974
44.362 28.488 -4.52962 1974
47.733 23.95 1.44437 1974
47.025 21.903 0.577465 1974
45.1 24.367 0.778215 1974
44.1 24.983 -0.535929 1974
47.703 22.886 0.0102398 1974
45.786 24.091 -3.22344 1974
47.933 23.9 -0.611348 1974
47.688 26.354 -5.02526 1974
45.167 29.733 1.72526 1974
47.658 23.47 3.71688 1974
45.81 21.338 -0.824758 1974
45.45 25.45 -12.1747 1974
46.468 24.413 -2.77435 1974
46.177 21.262 0.0663555 1978
44.503 26.102 0.539537 1978
46.522 26.91 -1.48828 1978
46.233 27.65 -0.519831 1978
47.15 24.517 -2.39922 1978
47.733 26.65 -0.8906 1978
45.15 26.817 0.774505 1978
44.2 27.35 1.34522 1978
45.42 22.253 0.0152725 1978
45.062 28.714 -0.878604 1978
46.983 25.95 -9.19023 1978
46.785 23.686 -2.06388 1978
44.217 28.65 1.81384 1978
44.318 23.889 -0.0990367 1978
45.867 22.9 -0.47576 1978
44.633 22.633 1.35402 1978
45.833 24.933 -2.62328 1978
45.483 28.033 0.536411 1978
44.571 26.085 0.258251 1978
47.178 27.621 -1.34467 1978
43.817 28.583 1.75292 1978
46.367 25.733 -4.61842 1978
44.362 28.488 0.539138 1978
47.733 23.95 -1.86764 1978
47.025 21.903 -0.725792 1978
45.1 24.367 0.289065 1978
44.1 24.983 0.931665 1978
47.703 22.886 -0.99633 1978
45.786 24.091 -2.2946 1978
47.933 23.9 -1.74237 1978
47.688 26.354 -4.63405 1978
45.167 29.733 1.4753 1978
47.658 23.47 -2.05801 1978
45.81 21.338 -0.135536 1978
45.45 25.45 -12.055 1978
46.468 24.413 -1.36545 1978
46.177 21.262 1.26896 1979
44.503 26.102 1.21907 1979
46.522 26.91 -0.777977 1979
46.233 27.65 0.454194 1979
47.15 24.517 -0.9953 1979
47.733 26.65 -0.27433 1979
45.15 26.817 1.62915 1979
44.2 27.35 2.144 1979
45.42 22.253 1.09068 1979
45.062 28.714 0.793955 1979
46.983 25.95 -8.61129 1979
46.785 23.686 -0.642528 1979
44.217 28.65 2.76464 1979
44.318 23.889 0.394045 1979
45.867 22.9 0.375422 1979
44.633 22.633 2.1589 1979
45.833 24.933 -1.23607 1979
45.483 28.033 1.5473 1979
44.571 26.085 0.915933 1979
47.178 27.621 -0.0266123 1979
43.817 28.583 2.69124 1979
46.367 25.733 -3.61864 1979
44.362 28.488 1.50506 1979
47.733 23.95 0.22832 1979
47.025 21.903 0.663389 1979
45.1 24.367 1.10122 1979
44.1 24.983 1.46778 1979
47.703 22.886 0.238693 1979
45.786 24.091 -0.99893 1979
47.933 23.9 -0.439466 1979
47.688 26.354 -3.19442 1979
45.167 29.733 2.33422 1979
47.658 23.47 0.909537 1979
45.81 21.338 0.931106 1979
45.45 25.45 -11.4912 1979
46.468 24.413 0.158799 1979
46.177 21.262 -0.0117701 1980
44.503 26.102 -0.204605 1980
46.522 26.91 -2.67084 1980
46.233 27.65 -1.24717 1980
47.15 24.517 -2.44249 1980
47.733 26.65 -1.83012 1980
45.15 26.817 0.310042 1980
44.2 27.35 0.887845 1980
45.42 22.253 -0.312907 1980
45.062 28.714 -0.157126 1980
46.983 25.95 -10.0215 1980
46.785 23.686 -1.98896 1980
44.217 28.65 1.41264 1980
44.318 23.889 -0.749328 1980
45.867 22.9 -0.548735 1980
44.633 22.633 1.56513 1980
45.833 24.933 -2.60652 1980
45.483 28.033 -0.17631 1980
44.571 26.085 -0.55676 1980
47.178 27.621 -2.48101 1980
43.817 28.583 1.24984 1980
46.367 25.733 -4.83509 1980
44.362 28.488 -0.0784228 1980
47.733 23.95 -9.37269 1980
47.025 21.903 -1.24171 1980
45.1 24.367 0.124826 1980
44.1 24.983 0.436272 1980
47.703 22.886 -1.72332 1980
45.786 24.091 -2.95678 1980
47.933 23.9 -1.78469 1980
47.688 26.354 -4.02956 1980
45.167 29.733 1.17296 1980
47.658 23.47 -7.85648 1980
45.81 21.338 -0.986307 1980
45.45 25.45 -12.6399 1980
46.468 24.413 -1.40281 1980
46.177 21.262 0.988289 1981
44.503 26.102 1.35735 1981
46.522 26.91 -1.17456 1981
46.233 27.65 -0.445236 1981
47.15 24.517 -1.91709 1981
47.733 26.65 -0.431282 1981
45.15 26.817 1.5786 1981
44.2 27.35 2.18256 1981
45.42 22.253 0.75589 1981
45.062 28.714 0.963032 1981
46.983 25.95 -9.40736 1981
46.785 23.686 -1.05105 1981
44.217 28.65 2.66618 1981
44.318 23.889 0.96091 1981
45.867 22.9 0.352645 1981
44.633 22.633 2.40244 1981
45.833 24.933 -2.1388 1981
45.483 28.033 1.15492 1981
44.571 26.085 0.939703 1981
47.178 27.621 -0.956987 1981
43.817 28.583 2.67562 1981
46.367 25.733 -4.50631 1981
44.362 28.488 1.29449 1981
47.733 23.95 -5.36692 1981
47.025 21.903 0.395463 1981
45.1 24.367 1.20276 1981
44.1 24.983 1.0957 1981
47.703 22.886 -0.647975 1981
45.786 24.091 -1.71975 1981
47.933 23.9 -0.809949 1981
47.688 26.354 -3.07202 1981
45.167 29.733 2.39986 1981
47.658 23.47 -7.11295 1981
45.81 21.338 0.265662 1981
45.45 25.45 -12.2438 1981
46.468 24.413 -0.960882 1981
46.177 21.262 1.39852 1982
44.503 26.102 1.39241 1982
46.522 26.91 -0.0900294 1982
46.233 27.65 0.268611 1982
47.15 24.517 -1.64208 1982
47.733 26.65 -0.0783799 1982
45.15 26.817 1.49078 1982
44.2 27.35 2.00944 1982
45.42 22.253 1.31788 1982
45.062 28.714 1.46029 1982
46.983 25.95 -7.94025 1982
46.785 23.686 -1.12556 1982
44.217 28.65 2.47299 1982
44.318 23.889 1.38435 1982
45.867 22.9 0.267236 1982
44.633 22.633 2.12445 1982
45.833 24.933 -2.05899 1982
45.483 28.033 1.29727 1982
44.571 26.085 1.00907 1982
47.178 27.621 0.579106 1982
43.817 28.583 2.59712 1982
46.367 25.733 -4.42072 1982
44.362 28.488 1.18591 1982
47.733 23.95 -2.13662 1982
47.025 21.903 0.83663 1982
45.1 24.367 1.50044 1982
44.1 24.983 1.34372 1982
47.703 22.886 -0.288011 1982
45.786 24.091 -0.936137 1982
47.933 23.9 -0.782623 1982
47.688 26.354 -3.81658 1982
45.167 29.733 2.43147 1982
47.658 23.47 -1.3193 1982
45.81 21.338 1.83293 1982
45.45 25.45 -10.8313 1982
46.468 24.413 -0.60836 1982
46.177 21.262 1.39735 1983
44.503 26.102 1.59712 1983
46.522 26.91 -0.0949706 1983
46.233 27.65 0.478706 1983
47.15 24.517 -1.53891 1983
47.733 26.65 0.550922 1983
45.15 26.817 1.72075 1983
44.2 27.35 1.98857 1983
45.42 22.253 1.2243 1983
45.062 28.714 1.62132 1983
46.983 25.95 -8.54604 1983
46.785 23.686 -0.812601 1983
44.217 28.65 2.34477 1983
44.318 23.889 1.42757 1983
45.867 22.9 0.611309 1983
44.633 22.633 2.54526 1983
45.833 24.933 -1.54174 1983
45.483 28.033 1.36081 1983
44.571 26.085 1.11315 1983
47.178 27.621 0.362817 1983
43.817 28.583 2.6259 1983
46.367 25.733 -3.80312 1983
44.362 28.488 1.13474 1983
47.733 23.95 -3.02242 1983
47.025 21.903 0.765044 1983
45.1 24.367 1.33935 1983
44.1 24.983 1.43675 1983
47.703 22.886 -0.25258 1983
45.786 24.091 -0.700127 1983
47.933 23.9 -0.846968 1983
47.688 26.354 -2.76979 1983
45.167 29.733 2.14566 1983
47.658 23.47 -1.8275 1983
45.81 21.338 1.19042 1983
45.45 25.45 -11.8243 1983
46.468 24.413 -0.529117 1983
46.177 21.262 0.997918 1984
44.503 26.102 1.39073 1984
46.522 26.91 0.0357039 1984
46.233 27.65 -0.307604 1984
47.15 24.517 -1.27813 1984
47.733 26.65 -0.787772 1984
45.15 26.817 0.941913 1984
44.2 27.35 1.53239 1984
45.42 22.253 2.14435 1984
45.062 28.714 1.76074 1984
46.983 25.95 -9.32661 1984
46.785 23.686 -1.5243 1984
44.217 28.65 1.92225 1984
44.318 23.889 2.22656 1984
45.867 22.9 -0.126086 1984
44.633 22.633 2.10409 1984
45.833 24.933 -1.82746 1984
45.483 28.033 0.999788 1984
44.571 26.085 1.17771 1984
47.178 27.621 0.425285 1984
43.817 28.583 2.26551 1984
46.367 25.733 -4.1983 1984
44.362 28.488 1.264 1984
47.733 23.95 -1.09538 1984
47.025 21.903 1.44613 1984
45.1 24.367 0.952013 1984
44.1 24.983 1.37855 1984
47.703 22.886 0.755671 1984
45.786 24.091 -0.26535 1984
47.933 23.9 -0.990479 1984
47.688 26.354 -2.16377 1984
45.167 29.733 1.6614 1984
47.658 23.47 0.774264 1984
45.81 21.338 2.41132 1984
45.45 25.45 -12.2747 1984
46.468 24.413 -0.992435 1984
46.177 21.262 -0.0789704 1985
44.503 26.102 -0.0447097 1985
46.522 26.91 -2.75528 1985
46.233 27.65 -2.49486 1985
47.15 24.517 -3.64988 1985
47.733 26.65 -1.94549 1985
45.15 26.817 0.0289754 1985
44.2 27.35 0.530314 1985
45.42 22.253 0.0195217 1985
45.062 28.714 -0.949768 1985
46.983 25.95 -9.65962 1985
46.785 23.686 -2.57514 1985
44.217 28.65 0.663117 1985
44.318 23.889 -0.667055 1985
45.867 22.9 -0.810042 1985
44.633 22.633 1.18078 1985
45.833 24.933 -3.71489 1985
45.483 28.033 -0.599455 1985
44.571 26.085 -0.290781 1985
47.178 27.621 -3.51039 1985
43.817 28.583 1.05784 1985
46.367 25.733 -6.1396 1985
44.362 28.488 -0.269264 1985
47.733 23.95 -4.38978 1985
47.025 21.903 -2.11139 1985
45.1 24.367 -0.168315 1985
44.1 24.983 -0.401425 1985
47.703 22.886 -2.40465 1985
45.786 24.091 -3.61765 1985
47.933 23.9 -2.15895 1985
47.688 26.354 -5.599 1985
45.167 29.733 0.181079 1985
47.658 23.47 -3.08449 1985
45.81 21.338 -1.48989 1985
45.45 25.45 -12.7347 1985
46.468 24.413 -3.35389 1985
46.177 21.262 0.247156 1986
44.503 26.102 1.24988 1986
46.522 26.91 -1.42292 1986
46.233 27.65 -0.759445 1986
47.15 24.517 -2.46168 1986
47.733 26.65 -0.991605 1986
45.15 26.817 0.672285 1986
44.2 27.35 1.25214 1986
45.42 22.253 0.558917 1986
45.062 28.714 0.429642 1986
46.983 25.95 -8.53626 1986
46.785 23.686 -1.69861 1986
44.217 28.65 1.51376 1986
44.318 23.889 0.22734 1986
45.867 22.9 -0.326311 1986
44.633 22.633 1.0962 1986
45.833 24.933 -2.12518 1986
45.483 28.033 0.0457249 1986
44.571 26.085 0.94035 1986
47.178 27.621 -1.55856 1986
43.817 28.583 1.57977 1986
46.367 25.733 -4.80184 1986
44.362 28.488 0.96564 1986
47.733 23.95 -2.7126 1986
47.025 21.903 0.11047 1986
45.1 24.367 0.203176 1986
44.1 24.983 0.594462 1986
47.703 22.886 -0.943274 1986
45.786 24.091 -1.89297 1986
47.933 23.9 -1.3341 1986
47.688 26.354 -2.95947 1986
45.167 29.733 1.28594 1986
47.658 23.47 -1.26341 1986
45.81 21.338 -0.0456473 1986
45.45 25.45 -11.6372 1986
46.468 24.413 -1.15079 1986
46.177 21.262 0.133479 1987
44.503 26.102 0.634705 1987
46.522 26.91 -1.85405 1987
46.233 27.65 -1.60783 1987
47.15 24.517 -2.6112 1987
47.733 26.65 -2.21518 1987
45.15 26.817 0.248872 1987
44.2 27.35 0.517105 1987
45.42 22.253 0.298723 1987
45.062 28.714 -0.43645 1987
46.983 25.95 -9.8616 1987
46.785 23.686 -1.90159 1987
44.217 28.65 0.482286 1987
44.318 23.889 0.435415 1987
45.867 22.9 -0.0842584 1987
44.633 22.633 1.52507 1987
45.833 24.933 -2.3816 1987
45.483 28.033 -0.535441 1987
44.571 26.085 0.465194 1987
47.178 27.621 -2.24012 1987
43.817 28.583 0.36178 1987
46.367 25.733 -5.114 1987
44.362 28.488 -0.0344386 1987
47.733 23.95 -3.16437 1987
47.025 21.903 -0.179962 1987
45.1 24.367 -0.0252068 1987
44.1 24.983 -0.0423508 1987
47.703 22.886 -1.11387 1987
45.786 24.091 -1.79841 1987
47.933 23.9 -2.26099 1987
47.688 26.354 -4.17109 1987
45.167 29.733 1.531 1987
47.658 23.47 -1.39447 1987
45.81 21.338 0.224699 1987
45.45 25.45 -13.2958 1987
46.468 24.413 -1.53793 1987
46.177 21.262 0.932531 1988
44.503 26.102 -0.299566 1988
46.522 26.91 -0.795112 1988
46.233 27.65 -0.357726 1988
47.15 24.517 -1.31865 1988
47.733 26.65 -0.878128 1988
45.15 26.817 1.03691 1988
44.2 27.35 1.82174 1988
45.42 22.253 0.780422 1988
45.062 28.714 1.1911 1988
46.983 25.95 -9.07467 1988
46.785 23.686 -1.02888 1988
44.217 28.65 2.08064 1988
44.318 23.889 1.27135 1988
45.867 22.9 0.642784 1988
44.633 22.633 2.48034 1988
45.833 24.933 -1.24846 1988
45.483 28.033 0.708247 1988
44.571 26.085 -1.70445 1988
47.178 27.621 -0.653928 1988
43.817 28.583 1.82625 1988
46.367 25.733 -3.95099 1988
44.362 28.488 0.108335 1988
47.733 23.95 -1.84603 1988
47.025 21.903 0.581564 1988
45.1 24.367 1.01605 1988
44.1 24.983 1.26881 1988
47.703 22.886 -0.116519 1988
45.786 24.091 -0.86323 1988
47.933 23.9 -0.789496 1988
47.688 26.354 -2.23926 1988
45.167 29.733 1.59091 1988
47.658 23.47 0.0459246 1988
45.81 21.338 1.16622 1988
45.45 25.45 -11.9595 1988
46.468 24.413 -0.292487 1988
46.177 21.262 1.32468 1989
44.503 26.102 2.19869 1989
46.522 26.91 0.952161 1989
46.233 27.65 1.22233 1989
47.15 24.517 -1.16279 1989
47.733 26.65 1.13155 1989
45.15 26.817 2.54347 1989
44.2 27.35 2.77604 1989
45.42 22.253 0.834314 1989
45.062 28.714 2.53695 1989
46.983 25.95 -8.44237 1989
46.785 23.686 -0.685961 1989
44.217 28.65 2.90876 1989
44.318 23.889 2.09061 1989
45.867 22.9 0.669416 1989
44.633 22.633 2.94698 1989
45.833 24.933 -0.901707 1989
45.483 28.033 2.20759 1989
44.571 26.085 1.71081 1989
47.178 27.621 1.27868 1989
43.817 28.583 2.64025 1989
46.367 25.733 -3.15148 1989
44.362 28.488 1.8547 1989
47.733 23.95 -1.26752 1989
47.025 21.903 1.15643 1989
45.1 24.367 1.76866 1989
44.1 24.983 2.04467 1989
47.703 22.886 0.669732 1989
45.786 24.091 -0.511372 1989
47.933 23.9 -0.294092 1989
47.688 26.354 -0.553847 1989
45.167 29.733 2.67091 1989
47.658 23.47 0.311971 1989
45.81 21.338 1.60982 1989
45.45 25.45 -11.3286 1989
46.468 24.413 -0.0481452 1989
46.177 21.262 0.437501 1990
44.503 26.102 2.11815 1990
46.522 26.91 1.30636 1990
46.233 27.65 1.84517 1990
47.15 24.517 -0.438269 1990
47.733 26.65 1.53364 1990
45.15 26.817 2.7274 1990
44.2 27.35 3.07288 1990
45.42 22.253 1.41092 1990
45.062 28.714 2.94996 1990
46.983 25.95 -8.06842 1990
46.785 23.686 -0.257361 1990
44.217 28.65 3.16332 1990
44.318 23.889 2.30151 1990
45.867 22.9 0.602866 1990
44.633 22.633 3.08251 1990
45.833 24.933 -0.722928 1990
45.483 28.033 2.33757 1990
44.571 26.085 1.46396 1990
47.178 27.621 1.82552 1990
43.817 28.583 2.95233 1990
46.367 25.733 -2.9298 1990
44.362 28.488 2.04006 1990
47.733 23.95 -0.729672 1990
47.025 21.903 1.58224 1990
45.1 24.367 2.03667 1990
44.1 24.983 2.30723 1990
47.703 22.886 0.844266 1990
45.786 24.091 -0.438212 1990
47.933 23.9 -0.0941612 1990
47.688 26.354 -0.125968 1990
45.167 29.733 3.602 1990
47.658 23.47 1.04073 1990
45.81 21.338 2.21667 1990
45.45 25.45 -11.2961 1990
46.468 24.413 0.263351 1990
46.177 21.262 0.763698 1991
44.503 26.102 0.947561 1991
46.522 26.91 0.192227 1991
46.233 27.65 0.00247627 1991
47.15 24.517 -1.2221 1991
47.733 26.65 -0.465668 1991
45.15 26.817 1.05136 1991
44.2 27.35 1.1647 1991
45.42 22.253 0.46543 1991
45.062 28.714 2.31033 1991
46.983 25.95 -9.01742 1991
46.785 23.686 -0.822563 1991
44.217 28.65 1.84517 1991
44.318 23.889 1.6096 1991
45.867 22.9 -0.147844 1991
44.633 22.633 1.67257 1991
45.833 24.933 -1.45989 1991
45.483 28.033 0.632954 1991
44.571 26.085 0.641434 1991
47.178 27.621 0.578241 1991
43.817 28.583 1.74596 1991
46.367 25.733 -3.81474 1991
44.362 28.488 1.03602 1991
47.733 23.95 -2.56165 1991
47.025 21.903 0.963755 1991
45.1 24.367 0.660548 1991
44.1 24.983 0.781347 1991
47.703 22.886 0.423383 1991
45.786 24.091 -0.658288 1991
47.933 23.9 -0.768625 1991
47.688 26.354 -0.831849 1991
45.167 29.733 1.90008 1991
47.658 23.47 0.715407 1991
45.81 21.338 1.38719 1991
45.45 25.45 -11.8768 1991
46.468 24.413 0.0996052 1991
46.177 21.262 2.04461 1992
44.503 26.102 1.61814 1992
46.522 26.91 -0.372771 1992
46.233 27.65 -0.288007 1992
47.15 24.517 -2.38765 1992
47.733 26.65 -0.350583 1992
45.15 26.817 1.92801 1992
44.2 27.35 2.10876 1992
45.42 22.253 1.10001 1992
45.062 28.714 1.48909 1992
46.983 25.95 -9.66884 1992
46.785 23.686 -1.63979 1992
44.217 28.65 2.06311 1992
44.318 23.889 2.26535 1992
45.867 22.9 -0.0877647 1992
44.633 22.633 3.10321 1992
45.833 24.933 -2.54397 1992
45.483 28.033 1.23759 1992
44.571 26.085 2.01421 1992
47.178 27.621 -0.0934221 1992
43.817 28.583 1.67761 1992
46.367 25.733 -5.14788 1992
44.362 28.488 2.06649 1992
47.733 23.95 -1.40924 1992
47.025 21.903 0.897594 1992
45.1 24.367 1.28046 1992
44.1 24.983 1.56128 1992
47.703 22.886 -0.172938 1992
45.786 24.091 -1.62573 1992
47.933 23.9 -1.25677 1992
47.688 26.354 -2.00848 1992
45.167 29.733 1.17533 1992
47.658 23.47 -0.802506 1992
45.81 21.338 1.44902 1992
45.45 25.45 -13.0943 1992
46.468 24.413 -1.54892 1992
46.177 21.262 0.932104 1993
44.503 26.102 0.256569 1993
46.522 26.91 -0.485322 1993
46.233 27.65 -0.323705 1993
47.15 24.517 -1.44224 1993
47.733 26.65 -0.415437 1993
45.15 26.817 0.736327 1993
44.2 27.35 1.44978 1993
45.42 22.253 1.21132 1993
45.062 28.714 1.35224 1993
46.983 25.95 -9.33117 1993
46.785 23.686 -1.14688 1993
44.217 28.65 1.65645 1993
44.318 23.889 1.71458 1993
45.867 22.9 0.345194 1993
44.633 22.633 2.49531 1993
45.833 24.933 -1.81574 1993
45.483 28.033 0.935063 1993
44.571 26.085 -0.0294394 1993
47.178 27.621 -0.0487065 1993
43.817 28.583 1.4542 1993
46.367 25.733 -4.43907 1993
44.362 28.488 0.116222 1993
47.733 23.95 -0.12722 1993
47.025 21.903 0.911663 1993
45.1 24.367 1.04909 1993
44.1 24.983 1.18861 1993
47.703 22.886 -0.0301985 1993
45.786 24.091 -1.02671 1993
47.933 23.9 -0.684995 1993
47.688 26.354 -1.82194 1993
45.167 29.733 2.16752 1993
47.658 23.47 0.0871288 1993
45.81 21.338 2.43775 1993
45.45 25.45 -12.1412 1993
46.468 24.413 -0.94291 1993
46.177 21.262 2.52618 1994
44.503 26.102 1.84693 1994
46.522 26.91 1.06311 1994
46.233 27.65 1.49293 1994
47.15 24.517 -0.0695965 1994
47.733 26.65 0.867362 1994
45.15 26.817 2.63828 1994
44.2 27.35 3.16655 1994
45.42 22.253 1.93407 1994
45.062 28.714 2.59074 1994
46.983 25.95 -7.94189 1994
46.785 23.686 0.188544 1994
44.217 28.65 3.11306 1994
44.318 23.889 2.76034 1994
45.867 22.9 1.28118 1994
44.633 22.633 3.39031 1994
45.833 24.933 -0.427445 1994
45.483 28.033 2.46908 1994
44.571 26.085 2.13667 1994
47.178 27.621 1.31752 1994
43.817 28.583 3.08904 1994
46.367 25.733 -2.67856 1994
44.362 28.488 1.4537 1994
47.733 23.95 0.295529 1994
47.025 21.903 1.91471 1994
45.1 24.367 2.31016 1994
44.1 24.983 2.53681 1994
47.703 22.886 1.31585 1994
45.786 24.091 0.156202 1994
47.933 23.9 0.405139 1994
47.688 26.354 -0.934835 1994
45.167 29.733 2.66058 1994
47.658 23.47 0.874524 1994
45.81 21.338 2.71877 1994
45.45 25.45 -11.1027 1994
46.468 24.413 0.508758 1994
46.177 21.262 1.16388 1995
44.503 26.102 1.27527 1995
46.522 26.91 -0.714358 1995
46.233 27.65 -0.210426 1995
47.15 24.517 -1.61453 1995
47.733 26.65 -0.499797 1995
45.15 26.817 1.08288 1995
44.2 27.35 1.42148 1995
45.42 22.253 0.357437 1995
45.062 28.714 1.26308 1995
46.983 25.95 -9.40523 1995
46.785 23.686 -1.31967 1995
44.217 28.65 2.1082 1995
44.318 23.889 1.02549 1995
45.867 22.9 -0.243186 1995
44.633 22.633 1.61541 1995
45.833 24.933 -2.02468 1995
45.483 28.033 0.953258 1995
44.571 26.085 1.07169 1995
47.178 27.621 -0.409877 1995
43.817 28.583 2.08926 1995
46.367 25.733 -4.31005 1995
44.362 28.488 1.25046 1995
47.733 23.95 -1.61695 1995
47.025 21.903 0.456432 1995
45.1 24.367 0.724989 1995
44.1 24.983 0.700822 1995
47.703 22.886 -0.306923 1995
45.786 24.091 -1.35918 1995
47.933 23.9 -0.996601 1995
47.688 26.354 -2.20067 1995
45.167 29.733 1.78665 1995
47.658 23.47 -0.346001 1995
45.81 21.338 1.35971 1995
45.45 25.45 -13.6514 1995
46.468 24.413 -1.07832 1995
46.177 21.262 0.606609 1997
44.503 26.102 0.754338 1997
46.522 26.91 -0.899968 1997
46.233 27.65 -1.04828 1997
47.15 24.517 -1.8131 1997
47.733 26.65 -1.44251 1997
45.15 26.817 0.256902 1997
44.2 27.35 0.68905 1997
45.42 22.253 -0.0966792 1997
45.062 28.714 0.66266 1997
46.983 25.95 -10.2827 1997
46.785 23.686 -1.47791 1997
44.217 28.65 1.32235 1997
44.318 23.889 0.547896 1997
45.867 22.9 -0.724628 1997
44.633 22.633 1.33531 1997
45.833 24.933 -2.23149 1997
45.483 28.033 -0.204976 1997
44.571 26.085 0.56497 1997
47.178 27.621 -0.718724 1997
43.817 28.583 1.23303 1997
46.367 25.733 -4.69047 1997
44.362 28.488 0.335437 1997
47.733 23.95 -1.25044 1997
47.025 21.903 0.114154 1997
45.1 24.367 0.119066 1997
44.1 24.983 0.0195023 1997
47.703 22.886 -0.363355 1997
45.786 24.091 -1.47911 1997
47.933 23.9 -1.21659 1997
47.688 26.354 -2.51196 1997
45.167 29.733 0.979053 1997
47.658 23.47 -0.712228 1997
45.81 21.338 0.938527 1997
45.45 25.45 -12.7171 1997
46.468 24.413 -1.2583 1997
46.177 21.262 1.16828 1998
44.503 26.102 1.45557 1998
46.522 26.91 -0.452786 1998
46.233 27.65 -0.235142 1998
47.15 24.517 -1.79932 1998
47.733 26.65 -0.634868 1998
45.15 26.817 1.13251 1998
44.2 27.35 1.67822 1998
45.42 22.253 0.462415 1998
45.062 28.714 1.35767 1998
46.983 25.95 -9.96569 1998
46.785 23.686 -1.35045 1998
44.217 28.65 2.19658 1998
44.318 23.889 1.11442 1998
45.867 22.9 -0.571437 1998
44.633 22.633 1.77608 1998
45.833 24.933 -2.30279 1998
45.483 28.033 1.05874 1998
44.571 26.085 1.5034 1998
47.178 27.621 -0.127106 1998
43.817 28.583 1.98354 1998
46.367 25.733 -4.32242 1998
44.362 28.488 1.86439 1998
47.733 23.95 -1.45114 1998
47.025 21.903 0.490779 1998
45.1 24.367 0.671912 1998
44.1 24.983 0.517495 1998
47.703 22.886 -0.284003 1998
45.786 24.091 -1.47793 1998
47.933 23.9 -1.20152 1998
47.688 26.354 -2.13576 1998
45.167 29.733 1.70609 1998
47.658 23.47 -0.81914 1998
45.81 21.338 1.32224 1998
45.45 25.45 -12.1285 1998
46.468 24.413 -1.05025 1998
46.177 21.262 2.40117 1999
44.503 26.102 3.07401 1999
46.522 26.91 2.72411 1999
46.233 27.65 -0.517535 1999
47.15 24.517 -1.77742 1999
47.733 26.65 0.0923985 1999
45.15 26.817 1.82546 1999
44.2 27.35 2.37623 1999
45.42 22.253 2.49025 1999
45.062 28.714 3.99595 1999
46.983 25.95 -9.10475 1999
46.785 23.686 1.22011 1999
44.217 28.65 2.89528 1999
44.318 23.889 3.34527 1999
45.867 22.9 -1.14447 1999
44.633 22.633 1.94188 1999
45.833 24.933 -2.50561 1999
45.483 28.033 1.49064 1999
44.571 26.085 2.55516 1999
47.178 27.621 2.88876 1999
43.817 28.583 1.04338 1999
46.367 25.733 -4.84332 1999
44.362 28.488 2.86577 1999
47.733 23.95 -1.48284 1999
47.025 21.903 2.9317 1999
45.1 24.367 1.05243 1999
44.1 24.983 1.2785 1999
47.703 22.886 2.27165 1999
45.786 24.091 1.2425 1999
47.933 23.9 -0.687296 1999
47.688 26.354 1.1247 1999
45.167 29.733 2.39743 1999
47.658 23.47 2.4852 1999
45.81 21.338 2.25311 1999
45.45 25.45 -11.9111 1999
46.468 24.413 1.59831 1999
46.177 21.262 2.94374 2000
44.503 26.102 2.51016 2000
46.522 26.91 1.62483 2000
46.233 27.65 -0.789744 2000
47.15 24.517 -2.98857 2000
47.733 26.65 0.814864 2000
45.15 26.817 1.9977 2000
44.2 27.35 2.50376 2000
45.42 22.253 3.00969 2000
45.062 28.714 3.09704 2000
46.983 25.95 -8.49852 2000
46.785 23.686 0.453219 2000
44.217 28.65 2.84611 2000
44.318 23.889 2.82435 2000
45.867 22.9 -1.48852 2000
44.633 22.633 3.1696 2000
45.833 24.933 -3.09507 2000
45.483 28.033 2.0326 2000
44.571 26.085 2.57138 2000
47.178 27.621 1.92757 2000
43.817 28.583 2.12673 2000
46.367 25.733 -6.24198 2000
44.362 28.488 2.54094 2000
47.733 23.95 -0.847099 2000
47.025 21.903 3.14735 2000
45.1 24.367 1.60721 2000
44.1 24.983 2.13608 2000
47.703 22.886 1.94994 2000
45.786 24.091 0.725981 2000
47.933 23.9 -0.383837 2000
47.688 26.354 0.267968 2000
45.167 29.733 2.54889 2000
47.658 23.47 1.55408 2000
45.81 21.338 2.82819 2000
45.45 25.45 -11.3638 2000
46.468 24.413 0.769852 2000
46.177 21.262 1.41613 2001
44.503 26.102 1.79512 2001
46.522 26.91 0.379325 2001
46.233 27.65 -0.207839 2001
47.15 24.517 -1.73481 2001
47.733 26.65 -0.169075 2001
45.15 26.817 1.94363 2001
44.2 27.35 2.479 2001
45.42 22.253 1.71133 2001
45.062 28.714 2.06237 2001
46.983 25.95 -8.82641 2001
46.785 23.686 -0.386568 2001
44.217 28.65 2.90871 2001
44.318 23.889 2.05885 2001
45.867 22.9 -0.396939 2001
44.633 22.633 2.47186 2001
45.833 24.933 -2.15392 2001
45.483 28.033 1.62805 2001
44.571 26.085 2.07182 2001
47.178 27.621 0.753625 2001
43.817 28.583 1.58882 2001
46.367 25.733 -4.54186 2001
44.362 28.488 2.2047 2001
47.733 23.95 -1.78337 2001
47.025 21.903 1.3699 2001
45.1 24.367 1.18014 2001
44.1 24.983 1.85685 2001
47.703 22.886 0.548482 2001
45.786 24.091 -0.471601 2001
47.933 23.9 -1.12283 2001
47.688 26.354 -1.04175 2001
45.167 29.733 2.51765 2001
47.658 23.47 0.294748 2001
45.81 21.338 1.72586 2001
45.45 25.45 -11.6562 2001
46.468 24.413 -0.15641 2001
46.177 21.262 3.48496 2002
44.503 26.102 2.73475 2002
46.522 26.91 1.68603 2002
46.233 27.65 3.029 2002
47.15 24.517 1.85454 2002
47.733 26.65 1.34897 2002
45.15 26.817 3.4023 2002
44.2 27.35 3.51687 2002
45.42 22.253 2.94358 2002
45.062 28.714 3.96454 2002
46.983 25.95 -7.57086 2002
46.785 23.686 1.51809 2002
44.217 28.65 3.92106 2002
44.318 23.889 2.80743 2002
45.867 22.9 3.05394 2002
44.633 22.633 4.20564 2002
45.833 24.933 1.21306 2002
45.483 28.033 3.1251 2002
44.571 26.085 2.81157 2002
47.178 27.621 1.93726 2002
43.817 28.583 3.95653 2002
46.367 25.733 -1.05641 2002
44.362 28.488 3.46412 2002
47.733 23.95 1.35114 2002
47.025 21.903 3.62183 2002
45.1 24.367 2.51549 2002
44.1 24.983 3.05665 2002
47.703 22.886 2.79186 2002
45.786 24.091 1.21123 2002
47.933 23.9 0.838044 2002
47.688 26.354 0.31824 2002
45.167 29.733 3.50823 2002
47.658 23.47 2.46346 2002
45.81 21.338 3.41076 2002
45.45 25.45 -10.6422 2002
46.468 24.413 1.88698 2002
46.177 21.262 1.9811 2003
44.503 26.102 1.80418 2003
46.522 26.91 0.417935 2003
46.233 27.65 -6.09112 2003
47.15 24.517 -2.9066 2003
47.733 26.65 -0.187121 2003
45.15 26.817 1.6432 2003
44.2 27.35 1.99835 2003
45.42 22.253 2.49192 2003
45.062 28.714 2.26442 2003
46.983 25.95 -8.47924 2003
46.785 23.686 0.291096 2003
44.217 28.65 2.12119 2003
44.318 23.889 2.21962 2003
45.867 22.9 -6.89324 2003
44.633 22.633 2.6728 2003
45.833 24.933 -3.87662 2003
45.483 28.033 1.36477 2003
44.571 26.085 1.66471 2003
47.178 27.621 0.701733 2003
43.817 28.583 6.61721 2003
46.367 25.733 -11.6059 2003
44.362 28.488 1.43653 2003
47.733 23.95 -7.18207 2003
47.025 21.903 1.88801 2003
45.1 24.367 1.22604 2003
44.1 24.983 1.80377 2003
47.703 22.886 1.18005 2003
45.786 24.091 0.273307 2003
47.933 23.9 0.5311 2003
47.688 26.354 -0.820998 2003
45.167 29.733 1.73869 2003
47.658 23.47 1.05385 2003
45.81 21.338 1.44819 2003
45.45 25.45 -11.7497 2003
46.468 24.413 0.206207 2003
46.177 21.262 1.90807 2004
44.503 26.102 1.81112 2004
46.522 26.91 0.698002 2004
46.233 27.65 4.95054 2004
47.15 24.517 -0.0494581 2004
47.733 26.65 0.144408 2004
45.15 26.817 1.8774 2004
44.2 27.35 2.49895 2004
45.42 22.253 2.00523 2004
45.062 28.714 3.22683 2004
46.983 25.95 -8.80664 2004
46.785 23.686 0.0933498 2004
44.217 28.65 3.00378 2004
44.318 23.889 2.53594 2004
45.867 22.9 0.5377 2004
44.633 22.633 2.6526 2004
45.833 24.933 4.67276 2004
45.483 28.033 1.86481 2004
44.571 26.085 1.566 2004
47.178 27.621 1.0266 2004
43.817 28.583 7.72832 2004
46.367 25.733 -3.3577 2004
44.362 28.488 1.57405 2004
47.733 23.95 -1.40002 2004
47.025 21.903 1.61624 2004
45.1 24.367 1.50379 2004
44.1 24.983 1.8834 2004
47.703 22.886 0.996681 2004
45.786 24.091 -0.04876 2004
47.933 23.9 0.251818 2004
47.688 26.354 -0.701753 2004
45.167 29.733 2.58494 2004
47.658 23.47 0.742375 2004
45.81 21.338 1.49498 2004
45.45 25.45 -11.8546 2004
46.468 24.413 0.364799 2004
46.177 21.262 2.92287 2009
44.503 26.102 2.6587 2009
46.522 26.91 1.63212 2009
46.233 27.65 -3.60501 2009
47.15 24.517 -0.882791 2009
47.733 26.65 0.842892 2009
45.15 26.817 2.8871 2009
44.2 27.35 3.31027 2009
45.42 22.253 2.15851 2009
45.062 28.714 2.97291 2009
46.983 25.95 -7.71377 2009
46.785 23.686 0.959237 2009
44.217 28.65 3.76475 2009
44.318 23.889 2.72637 2009
45.867 22.9 1.44779 2009
44.633 22.633 3.58131 2009
45.833 24.933 1.47832 2009
45.483 28.033 2.82032 2009
44.571 26.085 2.63725 2009
47.178 27.621 1.93566 2009
43.817 28.583 0.783875 2009
46.367 25.733 -2.70458 2009
44.362 28.488 2.89558 2009
47.733 23.95 0.00842554 2009
47.025 21.903 2.59486 2009
45.1 24.367 2.63885 2009
44.1 24.983 2.76981 2009
47.703 22.886 1.65564 2009
45.786 24.091 1.22536 2009
47.933 23.9 -0.419828 2009
47.688 26.354 0.0832417 2009
45.167 29.733 3.41988 2009
47.658 23.47 2.00345 2009
45.81 21.338 2.65585 2009
45.45 25.45 -10.8937 2009
46.468 24.413 1.24309 2009
46.177 21.262 2.82985 2012
44.503 26.102 2.71988 2012
46.522 26.91 1.47386 2012
46.233 27.65 4.11947 2012
47.15 24.517 2.79026 2012
47.733 26.65 0.721398 2012
45.15 26.817 2.65846 2012
44.2 27.35 3.1911 2012
45.42 22.253 2.36622 2012
45.062 28.714 3.45377 2012
46.983 25.95 -7.33781 2012
46.785 23.686 0.809504 2012
44.217 28.65 3.74365 2012
44.318 23.889 3.14099 2012
45.867 22.9 1.44312 2012
44.633 22.633 3.83298 2012
45.833 24.933 2.75681 2012
45.483 28.033 2.69382 2012
44.571 26.085 2.65481 2012
47.178 27.621 1.71842 2012
43.817 28.583 3.71328 2012
46.367 25.733 -3.02159 2012
44.362 28.488 3.11589 2012
47.733 23.95 -0.0626192 2012
47.025 21.903 2.65266 2012
45.1 24.367 2.74889 2012
44.1 24.983 2.69915 2012
47.703 22.886 1.91867 2012
45.786 24.091 1.23117 2012
47.933 23.9 2.65054 2012
47.688 26.354 -0.0012932 2012
45.167 29.733 3.30123 2012
47.658 23.47 1.93357 2012
45.81 21.338 2.5088 2012
45.45 25.45 -10.5741 2012
46.468 24.413 0.902866 2012
46.177 21.262 3.58233 2014
44.503 26.102 2.49121 2014
46.522 26.91 1.69084 2014
46.233 27.65 3.1477 2014
47.15 24.517 3.00432 2014
47.733 26.65 0.582513 2014
45.15 26.817 2.29791 2014
44.2 27.35 2.73734 2014
45.42 22.253 2.60438 2014
45.062 28.714 3.20987 2014
46.983 25.95 -6.8093 2014
46.785 23.686 1.82365 2014
44.217 28.65 3.70167 2014
44.318 23.889 2.3745 2014
45.867 22.9 2.15868 2014
44.633 22.633 3.26888 2014
45.833 24.933 1.87515 2014
45.483 28.033 2.42596 2014
44.571 26.085 2.26068 2014
47.178 27.621 1.61405 2014
43.817 28.583 5.99902 2014
46.367 25.733 -2.51384 2014
44.362 28.488 2.73723 2014
47.733 23.95 0.829033 2014
47.025 21.903 3.56673 2014
45.1 24.367 2.39854 2014
44.1 24.983 2.06056 2014
47.703 22.886 3.19786 2014
45.786 24.091 1.77346 2014
47.933 23.9 2.89796 2014
47.688 26.354 0.578929 2014
45.167 29.733 3.31456 2014
47.658 23.47 3.17617 2014
45.81 21.338 3.00694 2014
45.45 25.45 -10.2192 2014
46.468 24.413 1.7082 2014
46.177 21.262 3.63562 2015
44.503 26.102 3.15715 2015
46.522 26.91 2.72581 2015
46.233 27.65 2.09661 2015
47.15 24.517 1.17564 2015
47.733 26.65 2.00318 2015
45.15 26.817 3.22374 2015
44.2 27.35 3.54466 2015
45.42 22.253 2.64667 2015
45.062 28.714 3.57936 2015
46.983 25.95 -6.98895 2015
46.785 23.686 1.49433 2015
44.217 28.65 3.87842 2015
44.318 23.889 3.40539 2015
45.867 22.9 1.91294 2015
44.633 22.633 4.14647 2015
45.833 24.933 0.290241 2015
45.483 28.033 3.07022 2015
44.571 26.085 2.9742 2015
47.178 27.621 2.65075 2015
43.817 28.583 3.70248 2015
46.367 25.733 -2.32327 2015
44.362 28.488 3.16594 2015
47.733 23.95 0.267944 2015
47.025 21.903 3.25927 2015
45.1 24.367 3.09442 2015
44.1 24.983 2.97515 2015
47.703 22.886 2.77121 2015
45.786 24.091 1.34951 2015
47.933 23.9 1.18804 2015
47.688 26.354 1.89926 2015
45.167 29.733 3.38125 2015
47.658 23.47 2.85908 2015
45.81 21.338 3.02133 2015
45.45 25.45 -10.2005 2015
46.468 24.413 1.26987 2015
46.177 21.262 2.72311 2016
44.503 26.102 2.73818 2016
46.522 26.91 2.42365 2016
46.233 27.65 2.28714 2016
47.15 24.517 0.732498 2016
47.733 26.65 1.62856 2016
45.15 26.817 2.82444 2016
44.2 27.35 3.33421 2016
45.42 22.253 1.86575 2016
45.062 28.714 3.22943 2016
46.983 25.95 -7.87105 2016
46.785 23.686 0.735076 2016
44.217 28.65 3.88438 2016
44.318 23.889 2.90968 2016
45.867 22.9 1.20997 2016
44.633 22.633 3.58831 2016
45.833 24.933 -0.0467824 2016
45.483 28.033 2.97523 2016
44.571 26.085 2.60706 2016
47.178 27.621 2.09183 2016
43.817 28.583 4.25313 2016
46.367 25.733 -2.51192 2016
44.362 28.488 2.86178 2016
47.733 23.95 -0.46511 2016
47.025 21.903 2.38545 2016
45.1 24.367 2.41336 2016
44.1 24.983 2.62334 2016
47.703 22.886 1.71064 2016
45.786 24.091 0.597184 2016
47.933 23.9 0.75946 2016
47.688 26.354 0.669479 2016
45.167 29.733 3.20871 2016
47.658 23.47 1.87921 2016
45.81 21.338 2.27869 2016
45.45 25.45 -11.2101 2016
46.468 24.413 0.79471 2016
46.177 21.262 2.54093 2017
44.503 26.102 2.66042 2017
46.522 26.91 1.7289 2017
46.233 27.65 1.61075 2017
47.15 24.517 0.666426 2017
47.733 26.65 1.38363 2017
45.15 26.817 2.54402 2017
44.2 27.35 3.12408 2017
45.42 22.253 2.07226 2017
45.062 28.714 3.16016 2017
46.983 25.95 -7.73617 2017
46.785 23.686 0.867482 2017
44.217 28.65 3.40704 2017
44.318 23.889 2.90234 2017
45.867 22.9 1.58411 2017
44.633 22.633 4.12146 2017
45.833 24.933 -0.312869 2017
45.483 28.033 2.81582 2017
44.571 26.085 2.44136 2017
47.178 27.621 1.63519 2017
43.817 28.583 3.08396 2017
46.367 25.733 -2.69903 2017
44.362 28.488 2.71815 2017
47.733 23.95 -0.230536 2017
47.025 21.903 2.1789 2017
45.1 24.367 2.52938 2017
44.1 24.983 2.57581 2017
47.703 22.886 1.4556 2017
45.786 24.091 0.568045 2017
47.933 23.9 0.422726 2017
47.688 26.354 0.22203 2017
45.167 29.733 2.89313 2017
47.658 23.47 1.95487 2017
45.81 21.338 2.64179 2017
45.45 25.45 -10.8139 2017
46.468 24.413 0.785127 2017
46.177 21.262 3.78681 2018
44.503 26.102 3.17235 2018
46.522 26.91 1.53623 2018
46.233 27.65 1.81418 2018
47.15 24.517 1.59152 2018
47.733 26.65 1.16308 2018
45.15 26.817 3.151 2018
44.2 27.35 3.44477 2018
45.42 22.253 2.98194 2018
45.062 28.714 2.93057 2018
46.983 25.95 -6.87706 2018
46.785 23.686 1.65651 2018
44.217 28.65 3.9414 2018
44.318 23.889 2.95995 2018
45.867 22.9 2.33939 2018
44.633 22.633 4.17057 2018
45.833 24.933 0.569337 2018
45.483 28.033 3.11497 2018
44.571 26.085 3.1327 2018
47.178 27.621 1.64461 2018
43.817 28.583 3.67159 2018
46.367 25.733 -2.11944 2018
44.362 28.488 2.70822 2018
47.733 23.95 0.677585 2018
47.025 21.903 3.25198 2018
45.1 24.367 2.97181 2018
44.1 24.983 3.14904 2018
47.703 22.886 2.66378 2018
45.786 24.091 1.49848 2018
47.933 23.9 1.40609 2018
47.688 26.354 0.19293 2018
45.167 29.733 3.33669 2018
47.658 23.47 3.94474 2018
45.81 21.338 3.42028 2018
45.45 25.45 -9.75259 2018
46.468 24.413 1.76384 2018
46.177 21.262 4.68945 2019
44.503 26.102 4.96801 2019
46.522 26.91 3.78474 2019
46.233 27.65 3.83891 2019
47.15 24.517 2.73563 2019
47.733 26.65 3.24387 2019
45.15 26.817 5.02116 2019
44.2 27.35 5.62083 2019
45.42 22.253 4.05581 2019
45.062 28.714 5.25711 2019
46.983 25.95 -6.28194 2019
46.785 23.686 3.15887 2019
44.217 28.65 5.75853 2019
44.318 23.889 4.95249 2019
45.867 22.9 3.74037 2019
44.633 22.633 6.05165 2019
45.833 24.933 1.99333 2019
45.483 28.033 5.15797 2019
44.571 26.085 5.01937 2019
47.178 27.621 3.71256 2019
43.817 28.583 5.15895 2019
46.367 25.733 -0.781174 2019
44.362 28.488 4.74209 2019
47.733 23.95 1.79935 2019
47.025 21.903 4.58534 2019
45.1 24.367 4.6885 2019
44.1 24.983 5.10556 2019
47.703 22.886 3.84168 2019
45.786 24.091 2.90362 2019
47.933 23.9 2.69365 2019
47.688 26.354 2.13794 2019
45.167 29.733 5.13176 2019
47.658 23.47 3.80502 2019
45.81 21.338 4.70032 2019
45.45 25.45 -9.8985 2019
46.468 24.413 3.0981 2019
